255.0
255.0
255.0
255.0
255.0
255.0
255.0
255.0
255.0
255.0
255.0
255.0
255.0
255.0
255.0
255.0
255.0
137.0
136.0
136.0
135.0
127.0
126.0
126.0
125.0
124.0
124.0
124.0
124.0
124.0
123.0
123.0
124.0
124.0
124.0
120.0
125.0
125.0
125.0
126.0
126.0
128.0
33.0
133.0
25.0
23.0
23.0
22.0
22.0
22.0
22.0
24.0
28.0
28.0
28.0
28.0
28.0
28.0
28.0
28.0
28.0
28.0
28.0
28.0
28.0
28.0
28.0
29.0
29.0
30.0
30.0
30.0
30.0
31.0
32.0
33.0
34.0
35.0
38.0
90.0
89.0
86.0
85.0
85.0
84.0
84.0
84.0
83.0
83.0
83.0
83.0
83.0
83.0
84.0
84.0
84.0
84.0
85.0
85.0
85.0
87.0
88.0
255.0
255.0
255.0
255.0
255.0
161.0
161.0
161.0
255.0
255.0
255.0
255.0
255.0
255.0
255.0
255.0
255.0
255.0
