0.5854612	163.730945	163.729337	208.324107	208.3225	
0.5902291	163.731626	163.729337	208.324789	208.3225	
0.6003608	163.734051	163.729337	208.327213	208.3225	
0.6138995	163.738839	163.729337	208.332002	208.3225	
0.6206884	163.741415	163.729337	208.334577	208.3225	
0.6308321	163.746161	163.729337	208.339323	208.3225	
0.6410209	163.751707	163.729337	208.34487	208.3225	
0.6545006	163.760577	163.729337	208.353739	208.3225	
0.6612974	163.765224	163.729337	208.358387	208.3225	
0.6714482	163.773067	163.729337	208.36623	208.3225	
0.6816229	163.781703	163.729337	208.374865	208.3225	
0.6951356	163.794719	163.729337	208.387881	208.3225	
0.7019294	163.801429	163.729337	208.394591	208.3225	
0.7120932	163.812386	163.729337	208.405548	208.3225	
0.722238	163.824083	163.729337	208.417245	208.3225	
0.7357736	163.841242	163.738064	208.434405	208.3225	
0.7425895	163.850108	163.738064	208.44327	208.3225	
0.7527162	163.864056	163.74679	208.457219	208.331226	
0.762888	163.878891	163.74679	208.472054	208.331226	
0.7763247	163.900006	163.764244	208.493168	208.339953	
0.7831405	163.910891	163.77297	208.504053	208.339953	
0.7934453	163.928292	163.781697	208.521455	208.357406	
0.8034891	163.945987	163.79915	208.539149	208.374859	
0.8169237	163.971198	163.816604	208.564361	208.392313	
0.8238036	163.984283	163.834057	208.577445	208.409766	
0.8339073	164.004402	163.860237	208.597565	208.427219	
0.8443571	164.026045	163.886417	208.619208	208.462126	
0.8578268	164.055453	163.912597	208.648616	208.488306	
0.8646366	164.070483	163.938777	208.663645	208.514486	
0.8748764	164.094018	163.95623	208.687181	208.549392	
0.8850201	164.118118	163.991137	208.711281	208.584299	
0.8984458	164.151498	164.026043	208.74466	208.619205	
0.9053077	164.168745	164.06095	208.761907	208.654112	
0.9153974	164.195001	164.095856	208.788164	208.689019	
0.9257042	164.222636	164.130763	208.815798	208.723925	
0.9390439	164.25986	164.183123	208.853022	208.767558	
0.9458637	164.279083	164.218029	208.872245	208.811192	
0.9560415	164.308668	164.261663	208.901831	208.846098	
0.974262	164.364688	164.340202	208.957851	208.933365	
0.9823268	164.389644	164.366382	208.982807	208.950818	
0.9894127	164.411945	164.410016	209.005107	209.003178	
0.9995804	164.444824	164.462375	209.037987	209.046811	
1.009752	164.478493	164.506009	209.071655	209.090444	
1.023208	164.524548	164.549642	209.11771	209.142804	
1.029992	164.547953	164.602002	209.141116	209.195164	
1.040167	164.583949	164.636908	209.177112	209.238797	
1.050351	164.62077	164.689268	209.213932	209.282431	
1.06385	164.671081	164.724175	209.264243	209.33479	
1.070866	164.697444	164.767808	209.290606	209.378424	
1.081072	164.736674	164.811441	209.329836	209.422057	
1.091193	164.776369	164.846348	209.369532	209.46569	
1.104659	164.830684	164.889981	209.423846	209.509323	
1.111483	164.858396	164.924888	209.451558	209.54423	
1.121667	164.90064	164.959794	209.493802	209.579137	
1.131814	164.943523	164.994701	209.536685	209.62277	
1.145267	165.001899	165.029607	209.595061	209.666403	
1.152125	165.031818	165.064514	209.624981	209.70131	
1.162269	165.07722	165.090694	209.670382	209.736216	
1.172525	165.12349	165.125601	209.716652	209.771123	
1.186065	165.186387	165.160507	209.779549	209.806029	
1.192757	165.217625	165.195414	209.810787	209.840936	
1.202918	165.265953	165.239047	209.859116	209.875843	
1.214992	165.324643	165.273954	209.917806	209.910749	
1.226533	165.381627	165.317587	209.974789	209.945656	
1.233501	165.416315	165.352493	210.009477	209.980562	
1.24356	165.467218	165.404853	210.060381	210.024196	
1.253723	165.519463	165.448486	210.112626	210.067829	
1.267149	165.58999	165.49212	210.183153	210.102735	
1.273957	165.625907	165.54448	210.21907	210.155095	
1.284135	165.680568	165.596839	210.27373	210.207455	
1.294304	165.735929	165.649199	210.329091	210.251088	
1.307757	165.810696	165.701559	210.403859	210.303448	
1.314656	165.849201	165.762646	210.442363	210.364535	
1.324795	165.90671	165.823732	210.499872	210.416895	
1.334945	165.965072	165.884819	210.558234	210.477981	
1.348397	166.043946	165.945905	210.637108	210.539068	
1.355184	166.083878	166.015718	210.67704	210.608881	
1.365318	166.144438	166.085532	210.7376	210.678694	
1.375458	166.205811	166.155345	210.798973	210.748507	
1.38925	166.290935	166.225158	210.884098	210.81832	
1.395789	166.331422	166.294971	210.924584	210.888134	
1.405898	166.394895	166.364784	210.988058	210.957947	
1.427193	166.532972	166.443324	211.126135	211.02776	
1.435129	166.584459	166.565497	211.177622	211.149933	
1.441937	166.628961	166.644037	211.222124	211.219746	
1.452082	166.696202	166.71385	211.289364	211.307013	
1.462229	166.764221	166.801117	211.357384	211.385552	
1.475719	166.856205	166.879656	211.449367	211.464092	
1.482586	166.903187	166.958196	211.49635	211.542632	
1.492757	166.973718	167.036736	211.566881	211.621172	
1.502863	167.04452	167.115276	211.637682	211.699712	
1.516399	167.140929	167.193816	211.734091	211.778251	
1.523169	167.189326	167.272356	211.782489	211.848065	
1.533304	167.262667	167.342169	211.85583	211.917878	
1.543959	167.340644	167.420708	211.933806	211.996418	
1.556977	167.437292	167.499248	212.030454	212.074957	
1.56376	167.487833	167.569061	212.080996	212.144771	
1.57389	167.564229	167.638875	212.157391	212.214584	
1.584091	167.641928	167.717414	212.235091	212.284397	
1.597595	167.74637	167.787228	212.339532	212.362937	
1.604384	167.798985	167.865767	212.392148	212.43275	
1.614522	167.878523	167.935581	212.471686	212.502563	
1.62469	167.95909	168.005394	212.552252	212.581103	
1.638217	168.067801	168.075207	212.660963	212.650916	
1.645027	168.122694	168.14502	212.715856	212.720729	
1.655198	168.205612	168.22356	212.798774	212.790542	
1.665369	168.289264	168.3021	212.882426	212.869082	
1.678788	168.401185	168.371913	212.994347	212.947622	
1.68557	168.457922	168.450453	213.051084	213.026162	
1.696023	168.546376	168.528993	213.139539	213.104702	
1.705901	168.630584	168.598806	213.223746	213.183241	
1.719362	168.746962	168.686072	213.340125	213.261781	
1.726199	168.806244	168.773339	213.399407	213.349048	
1.744252	168.965981	168.912965	213.559144	213.497401	
1.748828	169.006388	168.956598	213.59955	213.541034	
1.762348	169.12763	169.043865	213.720792	213.6283	
1.769215	169.189388	169.131131	213.782551	213.715567	
1.779319	169.281165	169.227124	213.874328	213.802833	
1.789752	169.37676	169.314391	213.969922	213.898826	
1.802993	169.499495	169.41911	214.092658	213.99482	
1.809747	169.562269	169.506377	214.155431	214.090813	
1.819879	169.655073	169.611097	214.248235	214.186806	
1.830086	169.747825	169.70709	214.340988	214.291526	
1.843569	169.868821	169.81181	214.461984	214.396245	
1.850383	169.929783	169.907803	214.522945	214.500965	
1.860539	170.019809	170.012522	214.612971	214.605685	
1.870676	170.108871	170.117242	214.702033	214.710405	
1.884335	170.227405	170.221962	214.820567	214.815124	
1.899205	170.354768	170.326682	214.947931	214.919844	
1.903911	170.395041	170.448855	214.988204	215.05947	
1.913983	170.480335	170.553575	215.073498	215.16419	
1.927503	170.593416	170.658294	215.186578	215.26891	
1.934274	170.649814	170.763014	215.242976	215.364903	
1.944426	170.733556	170.859007	215.326719	215.460896	
1.954617	170.816836	170.955	215.409998	215.565616	
1.968138	170.925899	171.042267	215.519061	215.652882	
1.974932	170.980494	171.13826	215.573657	215.748875	
1.985045	171.060899	171.2168	215.654062	215.844869	
1.995237	171.141225	171.304066	215.734387	215.932135	
2.008699	171.245771	171.391333	215.838934	216.010675	
2.015516	171.298539	171.461146	215.891701	216.089215	
2.025652	171.376143	171.539686	215.969305	216.167755	
2.03581	171.453154	171.618225	216.046316	216.246294	
2.049281	171.553787	171.679312	216.14695	216.316107	
2.05608	171.604403	171.749125	216.197566	216.385921	
2.066308	171.679681	171.810212	216.272844	216.447007	
2.07644	171.753486	171.880025	216.346648	216.508094	
2.089871	171.849889	171.932385	216.443051	216.56918	
2.096743	171.898995	171.993471	216.492157	216.630267	
2.106955	171.971101	172.054558	216.564263	216.682627	
2.117139	172.042275	172.106918	216.635437	216.734987	
2.130616	172.134976	172.159277	216.728139	216.787346	
2.137462	172.18186	172.211637	216.775022	216.839706	
2.150103	172.267096	172.28145	216.860258	216.909519	
2.160103	172.333836	172.33381	216.926998	216.961879	
2.173583	172.422309	172.394897	217.015472	217.005513	
2.180403	172.466924	172.43853	217.060087	217.057872	
2.190559	172.532501	172.499617	217.125664	217.110232	
2.200764	172.597585	172.551976	217.190747	217.153866	
2.214977	172.695285	172.613063	217.288447	217.214952	
2.221101	172.724624	172.665423	217.317787	217.258585	
2.231211	172.786894	172.717783	217.380056	217.319672	
2.241425	172.849036	172.778869	217.442199	217.372032	
2.25484	172.929191	172.839956	217.522354	217.424392	
2.261665	172.969791	172.892316	217.562953	217.485478	
2.271845	173.029474	172.962129	217.622637	217.537838	
2.281967	173.088095	173.023215	217.681257	217.607651	
2.297288	173.17486	173.084302	217.768022	217.660011	
2.302349	173.203453	173.154115	217.796615	217.729824	
2.312454	173.259742	173.215202	217.852905	217.790911	
2.322748	173.316331	173.285015	217.909493	217.851997	
2.336368	173.389638	173.346101	217.9828	217.92181	
2.342872	173.424503	173.415914	218.017665	217.982897	
2.35625	173.494672	173.485728	218.087835	218.05271	
2.363174	173.530721	173.555541	218.123884	218.113797	
2.37662	173.599188	173.616627	218.192351	218.174883	
2.38407	173.636903	173.677714	218.230065	218.23597	
2.393841	173.685592	173.7388	218.278754	218.305783	
2.403792	173.734418	173.799887	218.327581	218.358143	
2.417303	173.799271	173.860973	218.392434	218.419229	
2.42411	173.831761	173.913333	218.424924	218.480316	
2.434245	173.879288	173.97442	218.472451	218.532676	
2.444385	173.926112	174.02678	218.519274	218.585036	
2.45788	173.986926	174.07914	218.580089	218.637395	
2.464689	174.017437	174.122773	218.610599	218.689755	
2.474979	174.062669	174.166406	218.655831	218.742115	
2.485048	174.106217	174.218766	218.699379	218.785748	
2.498836	174.1643	174.253673	218.757462	218.829382	
2.505658	174.192865	174.297306	218.786027	218.873015	
2.515782	174.234399	174.340939	218.827561	218.916648	
2.525939	174.275332	174.375846	218.868494	218.960281	
2.539453	174.328339	174.410752	218.921502	218.995188	
2.546311	174.355053	174.436932	218.948215	219.030094	
2.556457	174.393737	174.463112	218.986899	219.065001	
2.566523	174.431372	174.498019	219.024534	219.091181	
2.580037	174.480466	174.524199	219.073628	219.126088	
2.586942	174.505343	174.550378	219.098505	219.152268	
2.597118	174.541189	174.567832	219.134352	219.178447	
2.607251	174.576198	174.594012	219.16936	219.195901	
2.620818	174.62147	174.620192	219.214632	219.222081	
2.627593	174.643945	174.637645	219.237107	219.239534	
2.637724	174.676694	174.655098	219.269857	219.265714	
2.647985	174.709116	174.681278	219.302278	219.283167	
2.661391	174.750054	174.707458	219.343217	219.300621	
2.668231	174.770763	174.724911	219.363925	219.3268	
2.678383	174.800656	174.742365	219.393819	219.35298	
2.688591	174.829983	174.777271	219.423145	219.370434	
2.710073	174.887596	174.812178	219.480758	219.414067	
2.714788	174.900345	174.838358	219.493508	219.440247	
2.7249	174.926814	174.864538	219.519977	219.4577	
2.734994	174.952526	174.890718	219.545689	219.48388	
2.748559	174.985633	174.916898	219.578795	219.51006	
2.755296	175.001912	174.943078	219.595074	219.53624	
2.765436	175.025584	174.969258	219.618746	219.56242	
2.775624	175.048649	174.986711	219.641812	219.5886	
2.789094	175.077724	175.021617	219.670886	219.61478	
2.795939	175.092346	175.047797	219.685509	219.632233	
2.806018	175.113026	175.073977	219.706188	219.66714	
2.816252	175.133326	175.091431	219.726488	219.684593	
2.837579	175.171673	175.14379	219.764835	219.736953	
2.84241	175.180475	175.161244	219.773637	219.754406	
2.852368	175.197763	175.187424	219.790926	219.780586	
2.862699	175.215119	175.213604	219.808281	219.806766	
2.875992	175.235801	175.231057	219.828964	219.841673	
2.890928	175.257623	175.283417	219.850785	219.876579	
2.895894	175.264883	175.292143	219.858046	219.894032	
2.905723	175.278443	175.318323	219.871605	219.911486	
2.919156	175.295632	175.335777	219.888794	219.937666	
2.926004	175.304237	175.361957	219.897399	219.955119	
2.936166	175.316217	175.370683	219.909379	219.972572	
2.946385	175.327591	175.396863	219.920753	219.990026	
2.959909	175.341322	175.40559	219.934485	219.998752	
2.96667	175.348043	175.423043	219.941205	220.016206	
2.976858	175.357403	175.43177	219.950566	220.024932	
2.987047	175.366115	175.440496	219.959278	220.033659	
3.000868	175.376594	175.440496	219.969756	220.033659	
3.007664	175.381614	175.449223	219.974777	220.033659	
3.017875	175.388426	175.449223	219.981588	220.024932	
3.027973	175.394564	175.449223	219.987726	220.016206	
3.041494	175.401584	175.440496	219.994746	220.016206	
3.048331	175.40501	175.440496	219.998173	220.016206	
3.058536	175.40945	175.440496	220.002612	220.016206	
3.068659	175.413312	175.440496	220.006474	220.016206	
3.082171	175.417408	175.440496	220.010571	220.016206	
3.088994	175.419381	175.440496	220.012544	220.024932	
3.099166	175.421762	175.440496	220.014925	220.024932	
3.109306	175.4237	175.449223	220.016863	220.024932	
3.122787	175.429337	175.449223	220.0225	220.024932	
3.129663	175.429337	175.440496	220.0225	220.024932	
3.139725	175.429337	175.440496	220.0225	220.024932	
3.149919	175.429337	175.440496	220.0225	220.024932	
3.163509	175.429337	175.440496	220.0225	220.016206	
3.170233	175.429337	175.440496	220.0225	220.016206	
3.180379	175.429337	175.440496	220.0225	220.016206	
3.190515	175.429337	175.440496	220.0225	220.016206	
3.204062	175.429337	175.440496	220.0225	220.016206	
3.211055	175.429337	175.440496	220.0225	220.016206	
3.230937	175.429337	175.440496	220.0225	220.016206	
3.235532	175.429337	175.440496	220.0225	220.016206	
3.24895	175.429337	175.440496	220.0225	220.016206	
3.255841	175.429337	175.440496	220.0225	220.016206	
3.266035	175.429337	175.440496	220.0225	220.016206	
3.27615	175.429337	175.440496	220.0225	220.016206	
3.29757	175.429337	175.440496	220.0225	220.016206	
3.302167	175.429337	175.440496	220.0225	220.016206	
3.312335	175.429337	175.440496	220.0225	220.016206	
3.322472	175.429337	175.440496	220.0225	220.016206	
3.335984	175.429337	175.440496	220.0225	220.016206	
3.342814	175.429337	175.440496	220.0225	220.016206	
3.352946	175.429337	175.440496	220.0225	220.016206	
3.363072	175.429337	175.440496	220.0225	220.016206	
3.376624	175.429337	175.440496	220.0225	220.016206	
3.383495	175.429337	175.440496	220.0225	220.016206	
3.393598	175.429337	175.440496	220.0225	220.016206	
3.403704	175.429337	175.440496	220.0225	220.016206	
3.419665	175.429337	175.440496	220.0225	220.016206	
3.424882	175.429337	175.440496	220.0225	220.016206	
3.435042	175.429337	175.440496	220.0225	220.016206	
3.445206	175.429337	175.440496	220.0225	220.016206	
3.458623	175.429337	175.440496	220.0225	220.016206	
3.465528	175.429337	175.440496	220.0225	220.016206	
3.475632	175.429337	175.440496	220.0225	220.016206	
3.485762	175.429337	175.440496	220.0225	220.016206	
3.499226	175.429337	175.440496	220.0225	220.016206	
3.506057	175.429337	175.440496	220.0225	220.016206	
3.516212	175.429337	175.440496	220.0225	220.016206	
3.534268	175.429337	175.440496	220.0225	220.016206	
3.542239	175.429337	175.440496	220.0225	220.016206	
3.549036	175.429337	175.440496	220.0225	220.016206	
3.559183	175.429337	175.440496	220.0225	220.016206	
3.569347	175.429337	175.440496	220.0225	220.016206	
3.582887	175.429337	175.440496	220.0225	220.016206	
3.589609	175.429337	175.440496	220.0225	220.016206	
3.599853	175.429337	175.440496	220.0225	220.016206	
3.609969	175.429337	175.440496	220.0225	220.016206	
3.623499	175.429337	175.440496	220.0225	220.016206	
3.63027	175.429337	175.440496	220.0225	220.016206	
3.640403	175.429337	175.440496	220.0225	220.016206	
3.650611	175.429337	175.440496	220.0225	220.016206	
3.664107	175.429337	175.440496	220.0225	220.016206	
3.670903	175.429337	175.440496	220.0225	220.016206	
3.681099	175.429337	175.440496	220.0225	220.016206	
3.691227	175.429337	175.440496	220.0225	220.016206	
3.704688	175.429337	175.440496	220.0225	220.016206	
3.711525	175.429337	175.440496	220.0225	220.016206	
3.721733	175.429337	175.440496	220.0225	220.016206	
3.731841	175.429337	175.440496	220.0225	220.016206	
3.745353	175.429337	175.440496	220.0225	220.016206	
3.752228	175.429337	175.440496	220.0225	220.016206	
3.762358	175.429337	175.440496	220.0225	220.016206	
3.772482	175.429337	175.440496	220.0225	220.016206	
3.785998	175.429337	175.440496	220.0225	220.016206	
3.792791	175.429337	175.440496	220.0225	220.016206	
3.803005	175.429337	175.440496	220.0225	220.016206	
3.813044	175.429337	175.440496	220.0225	220.016206	
3.826582	175.429337	175.440496	220.0225	220.016206	
3.833506	175.429337	175.440496	220.0225	220.016206	
3.843545	175.429337	175.440496	220.0225	220.016206	
3.853697	175.429337	175.440496	220.0225	220.016206	
3.867165	175.429337	175.440496	220.0225	220.016206	
3.873989	175.429337	175.440496	220.0225	220.016206	
3.884132	175.429337	175.440496	220.0225	220.016206	
3.894262	175.429337	175.440496	220.0225	220.016206	
3.907736	175.429337	175.440496	220.0225	220.016206	
3.914572	175.429337	175.440496	220.0225	220.016206	
3.924776	175.429337	175.440496	220.0225	220.016206	
3.934933	175.429337	175.440496	220.0225	220.016206	
3.948368	175.429337	175.440496	220.0225	220.016206	
3.95522	175.429337	175.440496	220.0225	220.016206	
3.965369	175.429337	175.440496	220.0225	220.016206	
3.975493	175.429337	175.440496	220.0225	220.016206	
3.989	175.429337	175.440496	220.0225	220.016206	
3.995801	175.429337	175.440496	220.0225	220.016206	
4.005952	175.429337	175.440496	220.0225	220.016206	
4.016136	175.429337	175.440496	220.0225	220.016206	
4.029567	175.429337	175.440496	220.0225	220.016206	
4.036582	175.429337	175.440496	220.0225	220.016206	
4.046557	175.429337	175.440496	220.0225	220.016206	
4.056727	175.429337	175.440496	220.0225	220.016206	
4.070289	175.429337	175.440496	220.0225	220.016206	
4.077051	175.429337	175.440496	220.0225	220.016206	
4.087216	175.429337	175.440496	220.0225	220.016206	
4.097486	175.429337	175.440496	220.0225	220.016206	
4.110897	175.429337	175.440496	220.0225	220.016206	
4.117701	175.429337	175.440496	220.0225	220.016206	
4.127876	175.429337	175.440496	220.0225	220.016206	
4.138006	175.429337	175.440496	220.0225	220.016206	
4.151513	175.429337	175.440496	220.0225	220.016206	
4.158518	175.429337	175.440496	220.0225	220.016206	
4.168665	175.429337	175.440496	220.0225	220.016206	
4.178883	175.429337	175.440496	220.0225	220.016206	
4.192347	175.429337	175.440496	220.0225	220.016206	
