67.0
67.0
67.0
67.0
67.0
67.0
67.0
67.0
68.0
68.0
68.0
69.0
70.0
71.0
74.0
86.0
86.0
86.0
55.0
55.0
54.0
53.0
53.0
52.0
52.0
52.0
52.0
51.0
51.0
51.0
51.0
51.0
51.0
51.0
51.0
51.0
51.0
52.0
52.0
52.0
53.0
53.0
54.0
55.0
55.0
56.0
57.0
255.0
255.0
255.0
255.0
255.0
145.0
145.0
136.0
135.0
135.0
135.0
135.0
134.0
134.0
22.0
21.0
21.0
21.0
135.0
135.0
136.0
136.0
137.0
138.0
178.0
178.0
178.0
178.0
178.0
177.0
178.0
176.0
176.0
166.0
165.0
165.0
164.0
164.0
164.0
165.0
164.0
165.0
165.0
166.0
166.0
155.0
155.0
154.0
154.0
155.0
155.0
156.0
155.0
156.0
77.0
75.0
75.0
75.0
75.0
74.0
74.0
72.0
71.0
71.0
70.0
68.0
68.0
67.0
67.0
67.0
67.0
67.0
67.0
