68.0
68.0
69.0
69.0
69.0
69.0
69.0
69.0
69.0
70.0
70.0
71.0
71.0
72.0
72.0
73.0
75.0
88.0
89.0
55.0
54.0
53.0
53.0
53.0
52.0
52.0
52.0
52.0
51.0
51.0
51.0
51.0
51.0
51.0
52.0
52.0
52.0
52.0
52.0
52.0
53.0
54.0
54.0
23.0
22.0
22.0
22.0
21.0
22.0
22.0
22.0
22.0
22.0
22.0
139.0
139.0
139.0
139.0
138.0
138.0
138.0
138.0
138.0
138.0
138.0
138.0
139.0
139.0
140.0
140.0
141.0
255.0
255.0
255.0
255.0
180.0
255.0
255.0
178.0
255.0
255.0
178.0
255.0
255.0
178.0
155.0
154.0
154.0
154.0
154.0
22.0
22.0
22.0
155.0
154.0
154.0
154.0
155.0
155.0
156.0
255.0
255.0
255.0
77.0
75.0
74.0
76.0
77.0
72.0
71.0
71.0
70.0
70.0
69.0
69.0
69.0
69.0
69.0
69.0
69.0
