27.0
27.0
27.0
26.0
26.0
26.0
27.0
27.0
27.0
27.0
27.0
28.0
28.0
28.0
29.0
29.0
29.0
30.0
31.0
33.0
33.0
255.0
255.0
255.0
255.0
255.0
255.0
169.0
169.0
168.0
167.0
167.0
167.0
167.0
167.0
168.0
168.0
168.0
255.0
219.0
217.0
217.0
217.0
216.0
216.0
23.0
23.0
22.0
22.0
22.0
22.0
23.0
53.0
23.0
52.0
52.0
52.0
52.0
51.0
52.0
51.0
51.0
51.0
51.0
51.0
52.0
52.0
52.0
52.0
52.0
53.0
53.0
54.0
55.0
56.0
55.0
56.0
43.0
43.0
42.0
41.0
40.0
40.0
39.0
39.0
39.0
38.0
38.0
22.0
21.0
22.0
22.0
22.0
38.0
39.0
39.0
39.0
40.0
39.0
39.0
39.0
41.0
40.0
33.0
31.0
30.0
30.0
29.0
29.0
28.0
29.0
28.0
28.0
27.0
27.0
27.0
27.0
26.0
26.0
26.0
