26.0
26.0
27.0
27.0
26.0
26.0
26.0
27.0
27.0
28.0
27.0
28.0
28.0
28.0
29.0
30.0
32.0
30.0
31.0
31.0
29.0
30.0
29.0
29.0
28.0
28.0
28.0
28.0
28.0
28.0
28.0
28.0
28.0
28.0
28.0
28.0
28.0
28.0
28.0
29.0
29.0
29.0
30.0
31.0
23.0
23.0
23.0
31.0
23.0
22.0
22.0
22.0
22.0
255.0
255.0
255.0
255.0
255.0
255.0
181.0
181.0
181.0
181.0
181.0
181.0
183.0
255.0
255.0
255.0
255.0
255.0
255.0
255.0
255.0
255.0
255.0
255.0
255.0
255.0
255.0
60.0
54.0
53.0
52.0
52.0
52.0
51.0
51.0
51.0
23.0
22.0
51.0
51.0
51.0
52.0
52.0
52.0
52.0
52.0
53.0
53.0
32.0
55.0
32.0
29.0
30.0
29.0
28.0
28.0
28.0
27.0
27.0
26.0
26.0
26.0
26.0
26.0
26.0
26.0
26.0
