255.0
255.0
255.0
179.0
255.0
255.0
255.0
255.0
255.0
255.0
255.0
255.0
177.0
177.0
177.0
155.0
154.0
154.0
154.0
154.0
155.0
157.0
255.0
255.0
255.0
255.0
157.0
255.0
255.0
80.0
79.0
76.0
76.0
77.0
78.0
76.0
73.0
72.0
71.0
71.0
70.0
70.0
70.0
70.0
70.0
70.0
70.0
25.0
26.0
71.0
71.0
71.0
72.0
72.0
72.0
73.0
89.0
90.0
90.0
90.0
90.0
56.0
55.0
55.0
54.0
54.0
53.0
53.0
53.0
52.0
52.0
52.0
52.0
52.0
52.0
52.0
52.0
52.0
52.0
53.0
53.0
53.0
53.0
53.0
54.0
55.0
56.0
56.0
56.0
22.0
22.0
23.0
147.0
147.0
148.0
139.0
138.0
137.0
137.0
137.0
137.0
136.0
136.0
136.0
136.0
136.0
136.0
136.0
137.0
137.0
138.0
138.0
139.0
138.0
255.0
255.0
255.0
255.0
255.0
255.0
