26.0
26.0
26.0
27.0
27.0
27.0
27.0
27.0
27.0
28.0
28.0
28.0
29.0
29.0
29.0
30.0
31.0
32.0
32.0
55.0
54.0
53.0
53.0
53.0
52.0
52.0
52.0
52.0
52.0
52.0
52.0
52.0
52.0
52.0
52.0
52.0
53.0
53.0
53.0
53.0
54.0
54.0
55.0
55.0
23.0
23.0
22.0
24.0
23.0
22.0
22.0
22.0
22.0
186.0
188.0
190.0
181.0
181.0
181.0
181.0
181.0
180.0
181.0
180.0
180.0
181.0
182.0
182.0
255.0
255.0
255.0
255.0
32.0
33.0
237.0
69.0
31.0
30.0
29.0
28.0
28.0
28.0
28.0
27.0
27.0
27.0
27.0
27.0
27.0
22.0
22.0
27.0
27.0
26.0
27.0
27.0
28.0
28.0
28.0
29.0
28.0
29.0
31.0
29.0
30.0
38.0
29.0
29.0
29.0
28.0
27.0
27.0
27.0
27.0
27.0
27.0
27.0
26.0
26.0
26.0
