26.0
26.0
27.0
27.0
27.0
26.0
27.0
27.0
27.0
28.0
28.0
28.0
29.0
28.0
29.0
30.0
40.0
30.0
29.0
30.0
30.0
29.0
29.0
28.0
28.0
28.0
28.0
28.0
28.0
28.0
28.0
28.0
28.0
28.0
28.0
28.0
28.0
28.0
29.0
29.0
29.0
30.0
30.0
30.0
32.0
23.0
23.0
22.0
22.0
22.0
22.0
23.0
25.0
184.0
255.0
255.0
255.0
255.0
255.0
181.0
181.0
181.0
181.0
182.0
182.0
255.0
255.0
255.0
255.0
255.0
255.0
255.0
255.0
255.0
255.0
255.0
255.0
255.0
255.0
55.0
54.0
54.0
53.0
52.0
23.0
52.0
22.0
21.0
21.0
21.0
22.0
51.0
22.0
22.0
52.0
52.0
52.0
52.0
53.0
53.0
54.0
32.0
32.0
31.0
29.0
30.0
29.0
28.0
28.0
28.0
27.0
27.0
26.0
26.0
26.0
26.0
26.0
26.0
26.0
26.0
