124.0
124.0
124.0
129.0
127.0
126.0
125.0
124.0
125.0
125.0
126.0
127.0
129.0
129.0
129.0
32.0
31.0
31.0
29.0
29.0
29.0
29.0
28.0
28.0
27.0
27.0
27.0
27.0
27.0
27.0
27.0
27.0
27.0
27.0
27.0
27.0
27.0
27.0
28.0
28.0
28.0
29.0
29.0
29.0
30.0
31.0
31.0
32.0
32.0
86.0
86.0
89.0
84.0
84.0
83.0
83.0
82.0
82.0
82.0
82.0
82.0
81.0
22.0
22.0
81.0
82.0
82.0
82.0
83.0
83.0
83.0
84.0
85.0
86.0
162.0
161.0
161.0
161.0
161.0
161.0
160.0
161.0
161.0
161.0
161.0
161.0
162.0
162.0
162.0
164.0
164.0
179.0
180.0
179.0
179.0
181.0
181.0
182.0
255.0
255.0
255.0
255.0
255.0
255.0
255.0
255.0
255.0
255.0
255.0
135.0
255.0
255.0
136.0
135.0
135.0
255.0
135.0
255.0
124.0
124.0
