27.0
27.0
27.0
27.0
26.0
26.0
26.0
27.0
27.0
27.0
28.0
28.0
28.0
29.0
30.0
30.0
41.0
40.0
31.0
31.0
29.0
29.0
29.0
29.0
28.0
28.0
28.0
28.0
28.0
28.0
28.0
28.0
28.0
28.0
28.0
28.0
28.0
29.0
29.0
29.0
29.0
30.0
30.0
30.0
31.0
31.0
33.0
33.0
34.0
255.0
255.0
255.0
181.0
179.0
178.0
178.0
178.0
178.0
178.0
255.0
22.0
22.0
22.0
178.0
178.0
178.0
178.0
179.0
181.0
255.0
255.0
255.0
227.0
227.0
227.0
227.0
53.0
51.0
50.0
50.0
49.0
49.0
49.0
48.0
48.0
48.0
48.0
48.0
48.0
48.0
48.0
48.0
48.0
48.0
48.0
49.0
49.0
49.0
49.0
49.0
50.0
51.0
52.0
32.0
32.0
31.0
29.0
29.0
29.0
29.0
28.0
27.0
27.0
27.0
27.0
27.0
27.0
27.0
27.0
27.0
