69.0
69.0
69.0
69.0
69.0
69.0
69.0
70.0
70.0
70.0
71.0
72.0
72.0
73.0
73.0
87.0
88.0
55.0
55.0
54.0
53.0
52.0
52.0
52.0
52.0
51.0
51.0
51.0
51.0
51.0
51.0
51.0
51.0
51.0
51.0
51.0
52.0
52.0
52.0
53.0
53.0
53.0
54.0
54.0
55.0
149.0
147.0
147.0
146.0
146.0
146.0
146.0
146.0
145.0
145.0
145.0
146.0
146.0
146.0
145.0
22.0
22.0
22.0
22.0
137.0
180.0
180.0
179.0
178.0
178.0
178.0
178.0
179.0
177.0
178.0
178.0
177.0
177.0
178.0
180.0
177.0
180.0
178.0
178.0
157.0
155.0
154.0
154.0
154.0
154.0
154.0
154.0
154.0
154.0
154.0
155.0
155.0
156.0
156.0
80.0
78.0
77.0
77.0
79.0
79.0
79.0
78.0
75.0
73.0
72.0
72.0
71.0
70.0
70.0
69.0
69.0
69.0
69.0
69.0
69.0
