27.0
27.0
27.0
28.0
28.0
27.0
28.0
28.0
28.0
28.0
29.0
29.0
29.0
31.0
31.0
31.0
32.0
33.0
54.0
54.0
53.0
53.0
52.0
52.0
52.0
52.0
52.0
51.0
51.0
52.0
52.0
52.0
52.0
52.0
52.0
52.0
52.0
52.0
53.0
53.0
54.0
54.0
55.0
55.0
57.0
255.0
255.0
255.0
255.0
255.0
255.0
255.0
187.0
184.0
184.0
179.0
177.0
177.0
177.0
22.0
22.0
22.0
22.0
177.0
178.0
178.0
179.0
180.0
212.0
212.0
212.0
29.0
30.0
28.0
27.0
27.0
27.0
26.0
26.0
25.0
25.0
25.0
25.0
24.0
24.0
24.0
24.0
24.0
24.0
24.0
24.0
25.0
25.0
24.0
25.0
25.0
25.0
25.0
25.0
26.0
26.0
27.0
27.0
28.0
29.0
28.0
39.0
29.0
29.0
29.0
28.0
28.0
28.0
28.0
27.0
27.0
27.0
27.0
27.0
27.0
