26.0
26.0
27.0
28.0
29.0
29.0
28.0
28.0
28.0
28.0
29.0
28.0
29.0
30.0
30.0
30.0
31.0
255.0
255.0
255.0
255.0
255.0
255.0
255.0
255.0
255.0
255.0
255.0
255.0
168.0
167.0
167.0
167.0
167.0
168.0
168.0
169.0
255.0
255.0
255.0
255.0
255.0
255.0
255.0
217.0
217.0
217.0
58.0
58.0
56.0
55.0
55.0
55.0
54.0
54.0
53.0
53.0
53.0
53.0
53.0
53.0
22.0
22.0
22.0
22.0
53.0
53.0
53.0
53.0
54.0
54.0
54.0
55.0
57.0
57.0
69.0
68.0
44.0
43.0
43.0
42.0
41.0
40.0
40.0
39.0
39.0
39.0
39.0
39.0
39.0
39.0
39.0
39.0
39.0
39.0
39.0
39.0
40.0
40.0
40.0
40.0
40.0
41.0
31.0
32.0
30.0
29.0
29.0
29.0
29.0
28.0
28.0
27.0
27.0
26.0
26.0
26.0
26.0
26.0
26.0
