25.0
25.0
25.0
25.0
25.0
25.0
25.0
25.0
25.0
25.0
26.0
26.0
26.0
26.0
28.0
28.0
28.0
28.0
29.0
29.0
31.0
30.0
30.0
29.0
29.0
28.0
28.0
28.0
28.0
28.0
27.0
28.0
28.0
28.0
28.0
28.0
28.0
28.0
28.0
28.0
29.0
29.0
29.0
30.0
30.0
31.0
31.0
32.0
32.0
32.0
35.0
255.0
255.0
255.0
255.0
255.0
255.0
255.0
178.0
178.0
177.0
177.0
177.0
22.0
22.0
22.0
22.0
178.0
178.0
180.0
255.0
255.0
255.0
255.0
255.0
255.0
255.0
255.0
55.0
54.0
54.0
54.0
54.0
52.0
52.0
51.0
51.0
51.0
50.0
50.0
50.0
50.0
50.0
50.0
50.0
50.0
51.0
51.0
51.0
51.0
51.0
52.0
52.0
52.0
52.0
54.0
29.0
29.0
29.0
27.0
27.0
27.0
27.0
26.0
26.0
25.0
25.0
25.0
25.0
25.0
