25.0
25.0
25.0
25.0
25.0
25.0
25.0
25.0
25.0
25.0
26.0
26.0
26.0
26.0
28.0
28.0
29.0
29.0
31.0
31.0
55.0
54.0
54.0
53.0
53.0
53.0
53.0
52.0
52.0
52.0
52.0
52.0
52.0
52.0
52.0
52.0
52.0
53.0
53.0
54.0
54.0
54.0
54.0
55.0
57.0
57.0
255.0
255.0
255.0
255.0
255.0
255.0
255.0
183.0
183.0
185.0
185.0
178.0
22.0
22.0
22.0
22.0
22.0
21.0
21.0
180.0
180.0
255.0
255.0
255.0
255.0
255.0
255.0
255.0
255.0
255.0
30.0
30.0
29.0
29.0
28.0
27.0
27.0
26.0
26.0
26.0
26.0
25.0
25.0
25.0
25.0
25.0
26.0
26.0
26.0
26.0
26.0
26.0
26.0
26.0
27.0
27.0
27.0
28.0
29.0
29.0
37.0
37.0
28.0
27.0
27.0
26.0
25.0
25.0
25.0
25.0
25.0
25.0
25.0
25.0
