119.0
28.0
29.0
29.0
27.0
26.0
26.0
26.0
26.0
26.0
26.0
26.0
27.0
27.0
27.0
27.0
28.0
28.0
29.0
29.0
31.0
255.0
255.0
255.0
255.0
255.0
255.0
168.0
168.0
168.0
168.0
167.0
167.0
167.0
167.0
167.0
167.0
168.0
170.0
170.0
255.0
255.0
255.0
217.0
216.0
216.0
216.0
255.0
255.0
255.0
56.0
56.0
55.0
54.0
54.0
54.0
53.0
53.0
22.0
22.0
22.0
53.0
53.0
21.0
21.0
22.0
22.0
53.0
54.0
54.0
54.0
54.0
54.0
54.0
55.0
55.0
68.0
45.0
45.0
44.0
44.0
42.0
42.0
41.0
41.0
41.0
40.0
40.0
40.0
40.0
39.0
39.0
39.0
39.0
39.0
39.0
39.0
39.0
40.0
40.0
40.0
41.0
41.0
41.0
42.0
42.0
29.0
29.0
28.0
27.0
27.0
27.0
27.0
27.0
26.0
26.0
26.0
25.0
26.0
26.0
