121.0
121.0
122.0
122.0
122.0
122.0
122.0
123.0
123.0
131.0
131.0
127.0
127.0
127.0
127.0
30.0
30.0
30.0
30.0
29.0
29.0
28.0
27.0
27.0
27.0
26.0
26.0
26.0
26.0
26.0
26.0
27.0
27.0
27.0
27.0
27.0
27.0
27.0
28.0
28.0
28.0
29.0
29.0
29.0
30.0
31.0
31.0
32.0
86.0
86.0
85.0
85.0
83.0
82.0
82.0
81.0
81.0
81.0
81.0
81.0
81.0
81.0
21.0
81.0
81.0
81.0
81.0
82.0
82.0
83.0
84.0
84.0
163.0
163.0
162.0
162.0
161.0
161.0
161.0
161.0
161.0
162.0
162.0
162.0
162.0
162.0
162.0
162.0
163.0
163.0
164.0
164.0
180.0
179.0
179.0
180.0
180.0
180.0
181.0
181.0
183.0
255.0
255.0
136.0
134.0
134.0
133.0
133.0
132.0
133.0
133.0
130.0
130.0
123.0
122.0
122.0
122.0
121.0
121.0
121.0
