25.0
25.0
25.0
25.0
25.0
25.0
25.0
25.0
26.0
26.0
26.0
27.0
27.0
27.0
28.0
28.0
29.0
31.0
31.0
29.0
29.0
29.0
29.0
29.0
28.0
28.0
28.0
28.0
28.0
28.0
28.0
28.0
28.0
28.0
28.0
28.0
28.0
28.0
28.0
29.0
29.0
29.0
30.0
30.0
30.0
32.0
32.0
33.0
34.0
35.0
255.0
255.0
255.0
255.0
255.0
255.0
178.0
178.0
177.0
177.0
23.0
22.0
21.0
21.0
177.0
177.0
179.0
255.0
255.0
255.0
255.0
255.0
255.0
255.0
255.0
227.0
56.0
54.0
53.0
53.0
52.0
52.0
52.0
51.0
51.0
50.0
50.0
50.0
50.0
50.0
50.0
50.0
50.0
50.0
50.0
50.0
50.0
50.0
50.0
51.0
51.0
51.0
52.0
52.0
31.0
29.0
29.0
28.0
28.0
27.0
27.0
26.0
26.0
26.0
26.0
25.0
25.0
25.0
25.0
25.0
