65.0
65.0
65.0
65.0
66.0
66.0
66.0
66.0
66.0
66.0
67.0
67.0
69.0
69.0
70.0
70.0
86.0
86.0
56.0
56.0
54.0
53.0
53.0
53.0
53.0
52.0
52.0
52.0
52.0
52.0
52.0
52.0
52.0
52.0
52.0
52.0
52.0
53.0
53.0
53.0
53.0
54.0
54.0
55.0
56.0
56.0
58.0
255.0
255.0
255.0
148.0
148.0
147.0
147.0
139.0
137.0
137.0
137.0
137.0
22.0
137.0
137.0
21.0
21.0
137.0
138.0
138.0
139.0
139.0
180.0
180.0
181.0
181.0
179.0
180.0
180.0
179.0
179.0
181.0
181.0
168.0
168.0
166.0
166.0
167.0
167.0
167.0
166.0
166.0
155.0
154.0
154.0
154.0
154.0
154.0
154.0
154.0
154.0
155.0
157.0
157.0
75.0
74.0
74.0
74.0
73.0
73.0
70.0
70.0
69.0
69.0
67.0
67.0
67.0
66.0
66.0
66.0
66.0
65.0
65.0
