25.0
25.0
25.0
25.0
26.0
26.0
26.0
26.0
26.0
26.0
27.0
27.0
28.0
28.0
28.0
29.0
29.0
29.0
31.0
32.0
55.0
54.0
53.0
53.0
53.0
52.0
52.0
52.0
52.0
52.0
52.0
52.0
52.0
52.0
52.0
52.0
52.0
52.0
53.0
53.0
53.0
53.0
54.0
54.0
55.0
56.0
58.0
255.0
255.0
255.0
255.0
255.0
255.0
255.0
183.0
181.0
180.0
177.0
177.0
176.0
176.0
23.0
21.0
21.0
21.0
22.0
178.0
255.0
255.0
213.0
212.0
212.0
212.0
184.0
183.0
214.0
29.0
29.0
29.0
29.0
28.0
27.0
27.0
27.0
27.0
27.0
26.0
26.0
26.0
26.0
26.0
26.0
26.0
26.0
26.0
26.0
26.0
26.0
27.0
27.0
27.0
27.0
27.0
28.0
29.0
30.0
31.0
29.0
28.0
27.0
27.0
27.0
27.0
27.0
26.0
26.0
26.0
25.0
25.0
25.0
