121.0
121.0
121.0
121.0
121.0
122.0
122.0
122.0
123.0
123.0
123.0
124.0
167.0
167.0
167.0
32.0
32.0
30.0
30.0
30.0
29.0
29.0
28.0
28.0
28.0
28.0
27.0
27.0
27.0
27.0
27.0
27.0
27.0
27.0
28.0
28.0
28.0
28.0
28.0
29.0
29.0
29.0
30.0
30.0
30.0
31.0
32.0
33.0
35.0
90.0
87.0
84.0
82.0
82.0
82.0
81.0
81.0
81.0
80.0
80.0
22.0
21.0
21.0
21.0
81.0
81.0
81.0
81.0
82.0
83.0
84.0
84.0
161.0
161.0
161.0
161.0
160.0
160.0
160.0
160.0
160.0
160.0
160.0
160.0
160.0
161.0
161.0
161.0
161.0
162.0
163.0
163.0
179.0
178.0
178.0
179.0
179.0
179.0
180.0
180.0
181.0
183.0
255.0
255.0
255.0
135.0
133.0
132.0
133.0
133.0
132.0
131.0
131.0
123.0
122.0
122.0
122.0
121.0
121.0
121.0
