pi@raspberrypi ~/roberto/practical6 $ python learn_signatures.py
BrickPiSetup: 0
controlAndSensingLoop: running
STATUS:  All signature files removed.

Place the robot at next waypoint to learn and press enter:

Ready for next scan for same location?
[121.0, 121.0, 121.0, 121.0, 121.0, 122.0, 122.0, 122.0, 123.0, 123.0, 124.0, 124.0, 167.0, 33.0, 32.0, 32.0, 32.0, 30.0, 30.0, 30.0, 29.0, 29.0, 28.0, 28.0, 28.0, 28.0, 28.0, 28.0, 28.0, 27.0, 27.0, 27.0, 27.0, 27.0, 28.0, 28.0, 28.0, 28.0, 29.0, 29.0, 29.0, 29.0, 30.0, 30.0, 30.0, 31.0, 32.0, 33.0, 255.0, 89.0, 85.0, 83.0, 82.0, 82.0, 81.0, 81.0, 81.0, 81.0, 81.0, 81.0, 22.0, 21.0, 21.0, 81.0, 81.0, 81.0, 81.0, 82.0, 83.0, 83.0, 83.0, 84.0, 161.0, 161.0, 161.0, 161.0, 160.0, 160.0, 160.0, 160.0, 160.0, 160.0, 160.0, 160.0, 161.0, 161.0, 161.0, 161.0, 161.0, 162.0, 163.0, 178.0, 179.0, 178.0, 179.0, 179.0, 179.0, 179.0, 180.0, 180.0, 182.0, 182.0, 255.0, 255.0, 255.0, 133.0, 133.0, 132.0, 134.0, 132.0, 131.0, 131.0, 123.0, 122.0, 122.0, 122.0, 121.0, 121.0, 121.0, 121.0]

Ready for next scan for same location?
[121.0, 121.0, 121.0, 121.0, 121.0, 121.0, 122.0, 122.0, 123.0, 123.0, 123.0, 124.0, 128.0, 167.0, 167.0, 32.0, 32.0, 30.0, 30.0, 30.0, 29.0, 29.0, 28.0, 28.0, 28.0, 27.0, 27.0, 27.0, 27.0, 27.0, 27.0, 27.0, 27.0, 28.0, 28.0, 28.0, 28.0, 28.0, 28.0, 29.0, 29.0, 30.0, 30.0, 30.0, 31.0, 31.0, 32.0, 33.0, 33.0, 90.0, 87.0, 84.0, 82.0, 82.0, 82.0, 81.0, 81.0, 81.0, 80.0, 22.0, 22.0, 22.0, 21.0, 21.0, 81.0, 81.0, 81.0, 81.0, 82.0, 83.0, 84.0, 85.0, 85.0, 161.0, 161.0, 161.0, 160.0, 160.0, 160.0, 160.0, 160.0, 160.0, 160.0, 160.0, 160.0, 160.0, 161.0, 161.0, 161.0, 162.0, 163.0, 163.0, 165.0, 179.0, 178.0, 179.0, 180.0, 179.0, 179.0, 180.0, 181.0, 255.0, 255.0, 255.0, 255.0, 255.0, 132.0, 132.0, 133.0, 133.0, 132.0, 131.0, 131.0, 123.0, 123.0, 122.0, 122.0, 122.0, 121.0, 121.0]

Ready for next scan for same location?
[121.0, 121.0, 121.0, 121.0, 121.0, 122.0, 122.0, 122.0, 123.0, 123.0, 123.0, 124.0, 167.0, 167.0, 167.0, 32.0, 31.0, 31.0, 30.0, 29.0, 29.0, 29.0, 29.0, 28.0, 28.0, 28.0, 27.0, 27.0, 27.0, 27.0, 27.0, 27.0, 27.0, 27.0, 28.0, 28.0, 28.0, 28.0, 29.0, 29.0, 29.0, 29.0, 30.0, 30.0, 30.0, 31.0, 32.0, 33.0, 90.0, 90.0, 88.0, 85.0, 84.0, 83.0, 82.0, 81.0, 81.0, 81.0, 80.0, 80.0, 22.0, 21.0, 21.0, 21.0, 81.0, 81.0, 81.0, 81.0, 81.0, 82.0, 83.0, 84.0, 162.0, 161.0, 161.0, 161.0, 160.0, 160.0, 160.0, 160.0, 160.0, 160.0, 160.0, 160.0, 160.0, 160.0, 161.0, 161.0, 161.0, 161.0, 162.0, 163.0, 179.0, 178.0, 178.0, 178.0, 179.0, 179.0, 180.0, 180.0, 181.0, 181.0, 255.0, 255.0, 255.0, 135.0, 135.0, 132.0, 132.0, 133.0, 132.0, 131.0, 131.0, 124.0, 122.0, 122.0, 122.0, 121.0, 121.0, 121.0]

Ready for next scan for same location?
[121.0, 121.0, 121.0, 121.0, 122.0, 123.0, 123.0, 123.0, 123.0, 124.0, 124.0, 127.0, 167.0, 166.0, 32.0, 31.0, 31.0, 30.0, 29.0, 29.0, 29.0, 29.0, 28.0, 28.0, 28.0, 28.0, 27.0, 27.0, 27.0, 27.0, 27.0, 27.0, 27.0, 28.0, 28.0, 28.0, 28.0, 28.0, 28.0, 28.0, 28.0, 30.0, 30.0, 30.0, 31.0, 32.0, 32.0, 33.0, 35.0, 35.0, 86.0, 83.0, 82.0, 81.0, 81.0, 81.0, 81.0, 81.0, 80.0, 80.0, 80.0, 22.0, 22.0, 22.0, 81.0, 81.0, 82.0, 82.0, 83.0, 83.0, 84.0, 161.0, 161.0, 161.0, 160.0, 160.0, 160.0, 160.0, 160.0, 160.0, 160.0, 160.0, 160.0, 160.0, 161.0, 161.0, 161.0, 161.0, 161.0, 162.0, 163.0, 179.0, 179.0, 178.0, 178.0, 179.0, 179.0, 180.0, 180.0, 180.0, 182.0, 255.0, 255.0, 255.0, 135.0, 135.0, 132.0, 134.0, 133.0, 133.0, 132.0, 125.0, 123.0, 123.0, 122.0, 122.0, 121.0, 121.0, 121.0, 121.0]

Ready for next scan for same location?
[121.0, 121.0, 121.0, 121.0, 121.0, 121.0, 121.0, 122.0, 122.0, 123.0, 123.0, 124.0, 167.0, 167.0, 167.0, 32.0, 32.0, 31.0, 30.0, 30.0, 30.0, 29.0, 29.0, 28.0, 28.0, 28.0, 28.0, 27.0, 27.0, 27.0, 27.0, 27.0, 27.0, 27.0, 28.0, 28.0, 28.0, 28.0, 28.0, 28.0, 29.0, 29.0, 30.0, 30.0, 30.0, 31.0, 31.0, 32.0, 34.0, 90.0, 90.0, 86.0, 83.0, 82.0, 82.0, 81.0, 81.0, 81.0, 81.0, 80.0, 22.0, 21.0, 21.0, 21.0, 80.0, 81.0, 81.0, 81.0, 82.0, 83.0, 84.0, 84.0, 162.0, 161.0, 161.0, 161.0, 160.0, 160.0, 160.0, 160.0, 160.0, 160.0, 160.0, 160.0, 160.0, 161.0, 161.0, 161.0, 161.0, 161.0, 162.0, 163.0, 179.0, 178.0, 178.0, 178.0, 179.0, 179.0, 179.0, 180.0, 181.0, 183.0, 183.0, 255.0, 255.0, 255.0, 133.0, 132.0, 134.0, 134.0, 133.0, 131.0, 131.0, 123.0, 122.0, 122.0, 122.0, 122.0, 121.0, 121.0]
STATUS:  Location 0 learned and saved.

Place the robot at next waypoint to learn and press enter:

Ready for next scan for same location?
Failed US reading
Failed US reading
Failed US reading
Failed US reading
Failed US reading
[25.0, 25.0, 25.0, 25.0, 25.0, 25.0, 25.0, 26.0, 26.0, 26.0, 27.0, 27.0, 255.0, 29.0, 29.0, 29.0, 29.0, 29.0, 31.0, 30.0, 29.0, 29.0, 29.0, 29.0, 28.0, 28.0, 28.0, 28.0, 28.0, 28.0, 28.0, 28.0, 28.0, 28.0, 28.0, 28.0, 28.0, 28.0, 29.0, 29.0, 29.0, 29.0, 30.0, 30.0, 32.0, 32.0, 33.0, 34.0, 34.0, 255.0, 255.0, 255.0, 255.0, 255.0, 255.0, 255.0, 178.0, 177.0, 177.0, 22.0, 22.0, 22.0, 21.0, 22.0, 178.0, 178.0, 255.0, 255.0, 255.0, 255.0, 255.0, 255.0, 255.0, 228.0, 228.0, 205.0, 54.0, 53.0, 53.0, 53.0, 52.0, 52.0, 51.0, 51.0, 51.0, 50.0, 50.0, 50.0, 50.0, 50.0, 50.0, 50.0, 50.0, 50.0, 50.0, 50.0, 50.0, 50.0, 51.0, 51.0, 52.0, 52.0, 52.0, 31.0, 30.0, 29.0, 28.0, 28.0, 28.0, 27.0, 26.0, 26.0, 26.0, 26.0, 26.0, 25.0, 25.0, 25.0, 25.0, 25.0]

Ready for next scan for same location?
warning: dt = 0.032695 > 0.03
warning: dt = 0.032691 > 0.03
[25.0, 25.0, 25.0, 25.0, 25.0, 25.0, 25.0, 25.0, 26.0, 26.0, 26.0, 27.0, 27.0, 27.0, 28.0, 28.0, 31.0, 31.0, 39.0, 29.0, 29.0, 30.0, 29.0, 29.0, 28.0, 28.0, 28.0, 28.0, 28.0, 28.0, 28.0, 28.0, 28.0, 28.0, 28.0, 28.0, 28.0, 28.0, 28.0, 29.0, 29.0, 29.0, 30.0, 30.0, 30.0, 32.0, 32.0, 33.0, 34.0, 34.0, 255.0, 255.0, 255.0, 255.0, 255.0, 255.0, 178.0, 178.0, 177.0, 177.0, 23.0, 23.0, 21.0, 21.0, 178.0, 179.0, 255.0, 255.0, 255.0, 255.0, 255.0, 255.0, 255.0, 255.0, 255.0, 255.0, 56.0, 54.0, 53.0, 53.0, 52.0, 52.0, 52.0, 51.0, 51.0, 51.0, 50.0, 46.0, 46.0, 50.0, 50.0, 50.0, 50.0, 50.0, 50.0, 50.0, 22.0, 50.0, 50.0, 51.0, 51.0, 51.0, 52.0, 22.0, 31.0, 31.0, 29.0, 28.0, 28.0, 26.0, 26.0, 26.0, 26.0, 26.0, 26.0, 25.0, 25.0, 25.0, 25.0, 25.0]

Ready for next scan for same location?
[25.0, 25.0, 25.0, 25.0, 25.0, 25.0, 25.0, 25.0, 25.0, 25.0, 26.0, 26.0, 27.0, 27.0, 28.0, 28.0, 28.0, 31.0, 33.0, 33.0, 29.0, 29.0, 30.0, 29.0, 29.0, 28.0, 28.0, 28.0, 28.0, 28.0, 28.0, 28.0, 28.0, 28.0, 28.0, 28.0, 28.0, 28.0, 28.0, 28.0, 29.0, 29.0, 29.0, 30.0, 30.0, 30.0, 32.0, 32.0, 33.0, 35.0, 255.0, 255.0, 255.0, 255.0, 255.0, 255.0, 255.0, 178.0, 178.0, 177.0, 177.0, 22.0, 21.0, 21.0, 21.0, 22.0, 178.0, 255.0, 255.0, 255.0, 255.0, 255.0, 255.0, 255.0, 255.0, 227.0, 57.0, 57.0, 54.0, 53.0, 53.0, 53.0, 52.0, 52.0, 51.0, 51.0, 50.0, 50.0, 50.0, 50.0, 50.0, 50.0, 50.0, 50.0, 50.0, 50.0, 50.0, 50.0, 50.0, 51.0, 51.0, 51.0, 52.0, 52.0, 53.0, 29.0, 29.0, 29.0, 28.0, 27.0, 27.0, 27.0, 27.0, 26.0, 26.0, 25.0, 25.0, 25.0, 25.0, 25.0]

Ready for next scan for same location?
[25.0, 25.0, 25.0, 25.0, 25.0, 25.0, 25.0, 25.0, 25.0, 26.0, 26.0, 26.0, 26.0, 27.0, 27.0, 27.0, 29.0, 28.0, 29.0, 29.0, 32.0, 29.0, 29.0, 29.0, 29.0, 28.0, 28.0, 28.0, 28.0, 28.0, 28.0, 28.0, 28.0, 28.0, 28.0, 28.0, 28.0, 28.0, 28.0, 29.0, 29.0, 29.0, 29.0, 30.0, 30.0, 30.0, 31.0, 32.0, 33.0, 33.0, 255.0, 255.0, 255.0, 255.0, 255.0, 255.0, 255.0, 255.0, 178.0, 178.0, 178.0, 178.0, 22.0, 21.0, 21.0, 21.0, 178.0, 255.0, 255.0, 255.0, 255.0, 255.0, 255.0, 255.0, 255.0, 255.0, 227.0, 54.0, 54.0, 54.0, 53.0, 53.0, 52.0, 51.0, 51.0, 50.0, 50.0, 50.0, 50.0, 50.0, 50.0, 50.0, 50.0, 50.0, 50.0, 50.0, 50.0, 50.0, 50.0, 51.0, 51.0, 51.0, 51.0, 52.0, 32.0, 53.0, 29.0, 28.0, 28.0, 28.0, 27.0, 27.0, 27.0, 26.0, 26.0, 25.0, 25.0, 25.0, 25.0, 25.0]

Ready for next scan for same location?
[25.0, 25.0, 25.0, 25.0, 25.0, 25.0, 25.0, 25.0, 26.0, 26.0, 26.0, 27.0, 27.0, 27.0, 30.0, 40.0, 40.0, 33.0, 29.0, 29.0, 29.0, 29.0, 28.0, 28.0, 28.0, 28.0, 28.0, 28.0, 28.0, 28.0, 28.0, 28.0, 28.0, 28.0, 28.0, 28.0, 28.0, 29.0, 29.0, 29.0, 30.0, 30.0, 30.0, 31.0, 32.0, 33.0, 33.0, 33.0, 255.0, 255.0, 255.0, 255.0, 255.0, 255.0, 255.0, 178.0, 177.0, 177.0, 177.0, 177.0, 22.0, 21.0, 21.0, 177.0, 177.0, 177.0, 179.0, 255.0, 255.0, 255.0, 255.0, 255.0, 255.0, 255.0, 255.0, 55.0, 54.0, 53.0, 53.0, 53.0, 52.0, 52.0, 51.0, 50.0, 50.0, 50.0, 50.0, 50.0, 50.0, 50.0, 50.0, 50.0, 50.0, 50.0, 50.0, 50.0, 50.0, 51.0, 51.0, 51.0, 51.0, 51.0, 33.0, 53.0, 29.0, 29.0, 28.0, 27.0, 27.0, 27.0, 27.0, 26.0, 26.0, 25.0, 25.0, 25.0, 25.0, 25.0, 25.0, 25.0]
STATUS:  Location 1 learned and saved.

Place the robot at next waypoint to learn and press enter:

Ready for next scan for same location?
[25.0, 25.0, 25.0, 25.0, 26.0, 26.0, 26.0, 26.0, 26.0, 26.0, 27.0, 27.0, 28.0, 28.0, 28.0, 29.0, 29.0, 29.0, 31.0, 32.0, 55.0, 54.0, 54.0, 53.0, 53.0, 52.0, 52.0, 52.0, 52.0, 52.0, 52.0, 52.0, 52.0, 52.0, 52.0, 52.0, 52.0, 52.0, 53.0, 53.0, 53.0, 53.0, 54.0, 55.0, 55.0, 56.0, 57.0, 255.0, 255.0, 255.0, 255.0, 255.0, 255.0, 255.0, 184.0, 181.0, 180.0, 177.0, 176.0, 176.0, 176.0, 176.0, 22.0, 21.0, 21.0, 21.0, 178.0, 255.0, 255.0, 213.0, 212.0, 212.0, 212.0, 33.0, 183.0, 214.0, 214.0, 29.0, 29.0, 28.0, 28.0, 27.0, 27.0, 27.0, 27.0, 27.0, 26.0, 26.0, 26.0, 26.0, 26.0, 26.0, 26.0, 26.0, 26.0, 26.0, 26.0, 26.0, 27.0, 27.0, 27.0, 27.0, 27.0, 28.0, 29.0, 32.0, 32.0, 29.0, 28.0, 28.0, 27.0, 27.0, 27.0, 27.0, 26.0, 26.0, 26.0, 26.0, 25.0, 25.0]

Ready for next scan for same location?
[25.0, 25.0, 25.0, 25.0, 26.0, 26.0, 26.0, 26.0, 27.0, 27.0, 27.0, 27.0, 28.0, 28.0, 29.0, 29.0, 30.0, 30.0, 31.0, 55.0, 54.0, 54.0, 53.0, 53.0, 53.0, 52.0, 52.0, 52.0, 52.0, 52.0, 52.0, 52.0, 52.0, 52.0, 52.0, 52.0, 52.0, 53.0, 53.0, 53.0, 53.0, 54.0, 54.0, 55.0, 56.0, 58.0, 255.0, 255.0, 255.0, 255.0, 255.0, 255.0, 255.0, 183.0, 181.0, 181.0, 181.0, 178.0, 177.0, 176.0, 22.0, 22.0, 21.0, 21.0, 177.0, 178.0, 178.0, 255.0, 214.0, 213.0, 212.0, 213.0, 213.0, 184.0, 255.0, 255.0, 29.0, 29.0, 29.0, 28.0, 27.0, 27.0, 27.0, 27.0, 27.0, 26.0, 26.0, 26.0, 26.0, 26.0, 26.0, 26.0, 26.0, 26.0, 26.0, 26.0, 26.0, 26.0, 27.0, 27.0, 27.0, 28.0, 28.0, 28.0, 28.0, 28.0, 33.0, 33.0, 29.0, 27.0, 27.0, 27.0, 27.0, 26.0, 26.0, 26.0, 26.0, 25.0, 25.0, 25.0]

Ready for next scan for same location?    
[25.0, 25.0, 25.0, 25.0, 26.0, 26.0, 26.0, 26.0, 26.0, 27.0, 27.0, 27.0, 27.0, 28.0, 28.0, 29.0, 29.0, 29.0, 31.0, 32.0, 55.0, 54.0, 53.0, 53.0, 53.0, 53.0, 52.0, 52.0, 52.0, 52.0, 52.0, 52.0, 52.0, 52.0, 52.0, 52.0, 52.0, 52.0, 53.0, 53.0, 53.0, 53.0, 54.0, 54.0, 55.0, 56.0, 255.0, 255.0, 255.0, 255.0, 255.0, 255.0, 255.0, 255.0, 183.0, 181.0, 181.0, 181.0, 178.0, 177.0, 177.0, 23.0, 23.0, 21.0, 21.0, 177.0, 178.0, 255.0, 255.0, 214.0, 213.0, 212.0, 213.0, 33.0, 183.0, 214.0, 214.0, 29.0, 29.0, 29.0, 28.0, 27.0, 27.0, 27.0, 27.0, 27.0, 26.0, 26.0, 26.0, 26.0, 26.0, 26.0, 26.0, 26.0, 26.0, 26.0, 26.0, 26.0, 26.0, 27.0, 27.0, 27.0, 27.0, 28.0, 29.0, 29.0, 31.0, 29.0, 28.0, 27.0, 27.0, 27.0, 27.0, 27.0, 26.0, 26.0, 26.0, 25.0, 25.0, 25.0]

Ready for next scan for same location?
[25.0, 25.0, 25.0, 25.0, 25.0, 26.0, 26.0, 26.0, 26.0, 26.0, 26.0, 26.0, 27.0, 28.0, 28.0, 29.0, 29.0, 29.0, 31.0, 31.0, 55.0, 54.0, 53.0, 53.0, 53.0, 53.0, 52.0, 52.0, 52.0, 52.0, 52.0, 52.0, 52.0, 52.0, 52.0, 52.0, 52.0, 52.0, 53.0, 53.0, 53.0, 53.0, 53.0, 54.0, 55.0, 56.0, 58.0, 255.0, 255.0, 255.0, 255.0, 255.0, 255.0, 255.0, 183.0, 181.0, 180.0, 177.0, 177.0, 177.0, 177.0, 23.0, 21.0, 21.0, 21.0, 22.0, 177.0, 255.0, 255.0, 255.0, 213.0, 212.0, 212.0, 212.0, 212.0, 213.0, 29.0, 29.0, 29.0, 29.0, 28.0, 27.0, 27.0, 27.0, 27.0, 27.0, 26.0, 26.0, 26.0, 26.0, 26.0, 26.0, 26.0, 26.0, 26.0, 26.0, 26.0, 26.0, 26.0, 27.0, 27.0, 27.0, 27.0, 28.0, 29.0, 30.0, 30.0, 28.0, 28.0, 28.0, 27.0, 27.0, 27.0, 27.0, 27.0, 26.0, 26.0, 25.0, 25.0, 25.0]

Ready for next scan for same location?
[25.0, 25.0, 25.0, 25.0, 26.0, 26.0, 26.0, 26.0, 26.0, 26.0, 27.0, 27.0, 28.0, 28.0, 28.0, 29.0, 29.0, 31.0, 31.0, 55.0, 55.0, 54.0, 53.0, 53.0, 53.0, 52.0, 52.0, 52.0, 52.0, 52.0, 52.0, 52.0, 52.0, 52.0, 52.0, 52.0, 52.0, 52.0, 53.0, 53.0, 53.0, 54.0, 54.0, 54.0, 55.0, 56.0, 58.0, 255.0, 255.0, 255.0, 255.0, 255.0, 255.0, 255.0, 183.0, 180.0, 178.0, 177.0, 177.0, 176.0, 176.0, 22.0, 21.0, 21.0, 21.0, 22.0, 178.0, 255.0, 213.0, 212.0, 212.0, 212.0, 212.0, 212.0, 183.0, 213.0, 29.0, 29.0, 29.0, 29.0, 28.0, 27.0, 27.0, 27.0, 27.0, 27.0, 26.0, 26.0, 26.0, 26.0, 26.0, 26.0, 26.0, 26.0, 26.0, 26.0, 26.0, 26.0, 27.0, 27.0, 27.0, 27.0, 27.0, 28.0, 28.0, 31.0, 29.0, 29.0, 28.0, 27.0, 27.0, 27.0, 27.0, 27.0, 26.0, 26.0, 25.0, 25.0, 25.0, 25.0]
STATUS:  Location 2 learned and saved.

Place the robot at next waypoint to learn and press enter:

Ready for next scan for same location?
warning: dt = 0.042176 > 0.03
[67.0, 67.0, 67.0, 67.0, 67.0, 67.0, 67.0, 67.0, 68.0, 68.0, 68.0, 69.0, 69.0, 70.0, 74.0, 74.0, 86.0, 87.0, 55.0, 55.0, 54.0, 53.0, 53.0, 52.0, 52.0, 52.0, 52.0, 52.0, 52.0, 51.0, 51.0, 51.0, 51.0, 51.0, 51.0, 51.0, 51.0, 52.0, 52.0, 52.0, 52.0, 53.0, 54.0, 55.0, 55.0, 56.0, 57.0, 255.0, 255.0, 255.0, 255.0, 255.0, 145.0, 145.0, 136.0, 135.0, 135.0, 135.0, 134.0, 134.0, 134.0, 23.0, 21.0, 21.0, 21.0, 135.0, 135.0, 135.0, 136.0, 136.0, 138.0, 178.0, 178.0, 178.0, 177.0, 177.0, 177.0, 178.0, 176.0, 176.0, 166.0, 166.0, 165.0, 164.0, 163.0, 163.0, 166.0, 164.0, 165.0, 165.0, 166.0, 167.0, 155.0, 155.0, 154.0, 154.0, 154.0, 155.0, 155.0, 155.0, 157.0, 77.0, 75.0, 75.0, 75.0, 75.0, 74.0, 74.0, 72.0, 71.0, 71.0, 70.0, 68.0, 68.0, 67.0, 67.0, 67.0, 67.0, 67.0, 67.0]

Ready for next scan for same location?
[67.0, 67.0, 67.0, 67.0, 67.0, 67.0, 67.0, 68.0, 69.0, 69.0, 70.0, 71.0, 71.0, 87.0, 86.0, 86.0, 87.0, 55.0, 53.0, 53.0, 53.0, 53.0, 52.0, 52.0, 52.0, 52.0, 52.0, 51.0, 51.0, 51.0, 51.0, 51.0, 51.0, 51.0, 51.0, 51.0, 52.0, 52.0, 53.0, 53.0, 53.0, 54.0, 55.0, 56.0, 56.0, 58.0, 255.0, 255.0, 255.0, 255.0, 255.0, 144.0, 137.0, 137.0, 136.0, 135.0, 135.0, 134.0, 134.0, 134.0, 22.0, 21.0, 21.0, 135.0, 135.0, 135.0, 135.0, 137.0, 137.0, 178.0, 178.0, 178.0, 177.0, 177.0, 177.0, 178.0, 177.0, 176.0, 166.0, 166.0, 165.0, 165.0, 163.0, 164.0, 166.0, 164.0, 164.0, 164.0, 166.0, 167.0, 255.0, 155.0, 155.0, 155.0, 154.0, 155.0, 155.0, 156.0, 156.0, 76.0, 75.0, 75.0, 75.0, 75.0, 75.0, 74.0, 72.0, 71.0, 71.0, 69.0, 69.0, 68.0, 68.0, 68.0, 67.0, 67.0, 67.0, 67.0, 67.0, 67.0]

Ready for next scan for same location?
[67.0, 67.0, 67.0, 67.0, 67.0, 67.0, 67.0, 67.0, 68.0, 69.0, 69.0, 70.0, 71.0, 71.0, 87.0, 86.0, 87.0, 55.0, 55.0, 54.0, 53.0, 53.0, 52.0, 52.0, 52.0, 52.0, 51.0, 51.0, 51.0, 51.0, 51.0, 51.0, 51.0, 51.0, 51.0, 52.0, 52.0, 52.0, 52.0, 53.0, 53.0, 54.0, 54.0, 56.0, 56.0, 255.0, 255.0, 255.0, 255.0, 255.0, 255.0, 145.0, 138.0, 136.0, 135.0, 135.0, 134.0, 134.0, 135.0, 22.0, 21.0, 21.0, 22.0, 22.0, 135.0, 135.0, 136.0, 137.0, 138.0, 178.0, 178.0, 178.0, 177.0, 178.0, 178.0, 178.0, 177.0, 180.0, 180.0, 167.0, 166.0, 165.0, 163.0, 163.0, 165.0, 166.0, 165.0, 166.0, 166.0, 255.0, 255.0, 155.0, 154.0, 154.0, 154.0, 154.0, 155.0, 155.0, 158.0, 158.0, 76.0, 75.0, 75.0, 75.0, 75.0, 75.0, 73.0, 72.0, 71.0, 69.0, 68.0, 68.0, 68.0, 68.0, 67.0, 67.0, 67.0, 67.0, 67.0, 67.0]

Ready for next scan for same location?
[67.0, 67.0, 67.0, 67.0, 67.0, 67.0, 67.0, 67.0, 67.0, 67.0, 68.0, 69.0, 70.0, 71.0, 71.0, 87.0, 86.0, 87.0, 87.0, 55.0, 54.0, 53.0, 53.0, 52.0, 52.0, 52.0, 51.0, 51.0, 51.0, 51.0, 51.0, 51.0, 51.0, 51.0, 51.0, 51.0, 51.0, 52.0, 52.0, 52.0, 53.0, 53.0, 53.0, 53.0, 54.0, 55.0, 56.0, 255.0, 255.0, 255.0, 255.0, 255.0, 255.0, 255.0, 137.0, 136.0, 135.0, 135.0, 135.0, 135.0, 135.0, 23.0, 21.0, 21.0, 21.0, 22.0, 135.0, 136.0, 136.0, 137.0, 137.0, 139.0, 179.0, 178.0, 178.0, 178.0, 178.0, 178.0, 167.0, 177.0, 166.0, 166.0, 165.0, 165.0, 163.0, 164.0, 166.0, 164.0, 165.0, 165.0, 165.0, 166.0, 168.0, 155.0, 155.0, 154.0, 155.0, 155.0, 156.0, 156.0, 158.0, 78.0, 76.0, 75.0, 75.0, 75.0, 75.0, 74.0, 72.0, 71.0, 71.0, 71.0, 69.0, 68.0, 68.0, 67.0, 67.0, 67.0, 67.0, 67.0]

Ready for next scan for same location?
[67.0, 67.0, 67.0, 67.0, 67.0, 67.0, 67.0, 67.0, 67.0, 67.0, 68.0, 69.0, 69.0, 70.0, 71.0, 87.0, 86.0, 86.0, 87.0, 55.0, 55.0, 54.0, 53.0, 53.0, 52.0, 52.0, 52.0, 52.0, 52.0, 51.0, 51.0, 51.0, 51.0, 51.0, 51.0, 51.0, 51.0, 52.0, 52.0, 52.0, 52.0, 53.0, 53.0, 53.0, 54.0, 55.0, 57.0, 255.0, 255.0, 255.0, 255.0, 255.0, 255.0, 146.0, 143.0, 136.0, 135.0, 135.0, 135.0, 134.0, 134.0, 22.0, 21.0, 21.0, 21.0, 22.0, 135.0, 136.0, 136.0, 136.0, 137.0, 180.0, 178.0, 179.0, 178.0, 177.0, 177.0, 177.0, 179.0, 176.0, 167.0, 165.0, 165.0, 165.0, 164.0, 163.0, 165.0, 165.0, 165.0, 164.0, 165.0, 166.0, 166.0, 255.0, 155.0, 155.0, 154.0, 154.0, 154.0, 155.0, 156.0, 158.0, 76.0, 76.0, 75.0, 75.0, 75.0, 74.0, 72.0, 71.0, 71.0, 71.0, 69.0, 68.0, 68.0, 68.0, 67.0, 67.0, 67.0, 67.0]
STATUS:  Location 3 learned and saved.

Place the robot at next waypoint to learn and press enter:

Ready for next scan for same location?
[26.0, 26.0, 25.0, 25.0, 25.0, 25.0, 25.0, 25.0, 25.0, 26.0, 26.0, 26.0, 27.0, 27.0, 27.0, 28.0, 28.0, 30.0, 31.0, 31.0, 255.0, 255.0, 255.0, 255.0, 255.0, 168.0, 167.0, 167.0, 167.0, 167.0, 167.0, 166.0, 167.0, 167.0, 167.0, 167.0, 168.0, 169.0, 255.0, 255.0, 255.0, 255.0, 255.0, 255.0, 255.0, 255.0, 58.0, 56.0, 56.0, 55.0, 54.0, 54.0, 54.0, 54.0, 53.0, 53.0, 53.0, 53.0, 52.0, 52.0, 22.0, 22.0, 21.0, 53.0, 53.0, 53.0, 54.0, 54.0, 54.0, 55.0, 55.0, 55.0, 55.0, 57.0, 59.0, 68.0, 43.0, 43.0, 43.0, 41.0, 41.0, 40.0, 40.0, 40.0, 40.0, 39.0, 39.0, 39.0, 39.0, 39.0, 38.0, 39.0, 39.0, 39.0, 39.0, 39.0, 39.0, 40.0, 40.0, 40.0, 40.0, 40.0, 40.0, 29.0, 29.0, 29.0, 29.0, 27.0, 27.0, 27.0, 27.0, 27.0, 26.0, 26.0, 26.0, 26.0, 26.0, 27.0, 27.0, 27.0]

Ready for next scan for same location?
warning: dt = 0.038826 > 0.03
warning: dt = 0.034214 > 0.03
warning: dt = 0.031594 > 0.03
warning: dt = 0.038431 > 0.03
[25.0, 25.0, 25.0, 25.0, 25.0, 25.0, 25.0, 25.0, 25.0, 25.0, 25.0, 26.0, 26.0, 27.0, 26.0, 27.0, 28.0, 29.0, 29.0, 29.0, 31.0, 31.0, 255.0, 255.0, 255.0, 255.0, 168.0, 168.0, 168.0, 167.0, 167.0, 167.0, 166.0, 166.0, 166.0, 167.0, 167.0, 167.0, 168.0, 169.0, 255.0, 255.0, 255.0, 255.0, 217.0, 216.0, 255.0, 255.0, 255.0, 56.0, 55.0, 55.0, 54.0, 54.0, 54.0, 54.0, 53.0, 53.0, 53.0, 53.0, 53.0, 53.0, 21.0, 21.0, 21.0, 53.0, 53.0, 53.0, 53.0, 54.0, 54.0, 55.0, 56.0, 55.0, 55.0, 57.0, 43.0, 43.0, 43.0, 43.0, 42.0, 41.0, 41.0, 41.0, 40.0, 39.0, 39.0, 39.0, 39.0, 39.0, 39.0, 39.0, 38.0, 39.0, 39.0, 38.0, 39.0, 39.0, 39.0, 39.0, 40.0, 39.0, 40.0, 40.0, 40.0, 29.0, 29.0, 29.0, 27.0, 28.0, 27.0, 26.0, 26.0, 26.0, 26.0, 26.0, 26.0, 26.0, 26.0, 27.0]

Ready for next scan for same location?
[26.0, 26.0, 26.0, 25.0, 25.0, 25.0, 25.0, 25.0, 25.0, 25.0, 25.0, 26.0, 26.0, 26.0, 26.0, 27.0, 27.0, 29.0, 29.0, 30.0, 30.0, 31.0, 255.0, 255.0, 255.0, 255.0, 255.0, 168.0, 168.0, 167.0, 167.0, 167.0, 167.0, 167.0, 167.0, 167.0, 167.0, 167.0, 168.0, 169.0, 255.0, 255.0, 255.0, 255.0, 255.0, 255.0, 255.0, 255.0, 57.0, 56.0, 56.0, 55.0, 55.0, 54.0, 54.0, 54.0, 53.0, 53.0, 53.0, 53.0, 52.0, 22.0, 21.0, 21.0, 21.0, 53.0, 53.0, 53.0, 54.0, 54.0, 54.0, 54.0, 55.0, 56.0, 56.0, 56.0, 57.0, 43.0, 43.0, 43.0, 43.0, 41.0, 41.0, 40.0, 40.0, 40.0, 39.0, 39.0, 39.0, 39.0, 39.0, 39.0, 39.0, 38.0, 38.0, 39.0, 39.0, 39.0, 39.0, 39.0, 39.0, 40.0, 40.0, 41.0, 41.0, 29.0, 29.0, 29.0, 28.0, 27.0, 27.0, 27.0, 26.0, 26.0, 26.0, 26.0, 26.0, 26.0, 26.0, 27.0]

Ready for next scan for same location?
[25.0, 25.0, 25.0, 25.0, 25.0, 25.0, 25.0, 25.0, 25.0, 26.0, 26.0, 26.0, 26.0, 27.0, 27.0, 29.0, 29.0, 29.0, 31.0, 255.0, 255.0, 255.0, 255.0, 255.0, 168.0, 167.0, 167.0, 167.0, 167.0, 167.0, 167.0, 167.0, 167.0, 167.0, 167.0, 168.0, 169.0, 255.0, 255.0, 255.0, 255.0, 255.0, 255.0, 255.0, 255.0, 255.0, 57.0, 56.0, 55.0, 55.0, 54.0, 54.0, 54.0, 53.0, 53.0, 53.0, 53.0, 53.0, 52.0, 22.0, 21.0, 21.0, 53.0, 53.0, 53.0, 53.0, 54.0, 54.0, 54.0, 55.0, 56.0, 57.0, 57.0, 57.0, 57.0, 44.0, 68.0, 43.0, 41.0, 41.0, 41.0, 41.0, 40.0, 39.0, 39.0, 39.0, 39.0, 39.0, 39.0, 39.0, 39.0, 38.0, 39.0, 39.0, 39.0, 39.0, 39.0, 39.0, 40.0, 40.0, 41.0, 41.0, 41.0, 29.0, 29.0, 28.0, 27.0, 27.0, 27.0, 27.0, 26.0, 26.0, 26.0, 26.0, 26.0, 26.0, 27.0, 27.0, 27.0, 27.0]

Ready for next scan for same location?
[26.0, 26.0, 26.0, 26.0, 25.0, 25.0, 25.0, 25.0, 25.0, 25.0, 25.0, 25.0, 26.0, 26.0, 27.0, 27.0, 28.0, 28.0, 29.0, 29.0, 31.0, 255.0, 255.0, 255.0, 255.0, 255.0, 255.0, 169.0, 167.0, 167.0, 167.0, 166.0, 166.0, 166.0, 166.0, 167.0, 167.0, 167.0, 168.0, 169.0, 169.0, 255.0, 255.0, 255.0, 255.0, 255.0, 255.0, 255.0, 58.0, 57.0, 56.0, 55.0, 54.0, 54.0, 54.0, 53.0, 53.0, 53.0, 53.0, 53.0, 52.0, 22.0, 22.0, 21.0, 21.0, 53.0, 53.0, 54.0, 54.0, 54.0, 54.0, 54.0, 55.0, 56.0, 57.0, 57.0, 57.0, 57.0, 43.0, 44.0, 42.0, 41.0, 41.0, 41.0, 40.0, 40.0, 39.0, 39.0, 39.0, 39.0, 39.0, 39.0, 39.0, 38.0, 38.0, 39.0, 39.0, 39.0, 39.0, 39.0, 39.0, 40.0, 40.0, 41.0, 41.0, 32.0, 29.0, 29.0, 28.0, 27.0, 27.0, 27.0, 27.0, 26.0, 26.0, 26.0, 26.0, 26.0, 26.0, 27.0]
STATUS:  Location 4 learned and saved.
terminate...
controlAndSensingLoop: finished

