122.0
122.0
122.0
122.0
122.0
122.0
123.0
123.0
123.0
123.0
124.0
125.0
127.0
129.0
131.0
34.0
32.0
31.0
31.0
30.0
30.0
30.0
29.0
29.0
29.0
28.0
28.0
28.0
28.0
28.0
28.0
28.0
28.0
28.0
28.0
28.0
28.0
29.0
29.0
29.0
29.0
30.0
30.0
30.0
23.0
22.0
22.0
33.0
25.0
23.0
22.0
22.0
22.0
22.0
86.0
85.0
85.0
85.0
85.0
85.0
85.0
85.0
85.0
85.0
85.0
85.0
85.0
86.0
86.0
87.0
87.0
89.0
255.0
255.0
255.0
255.0
255.0
255.0
163.0
163.0
162.0
164.0
255.0
255.0
255.0
22.0
22.0
22.0
21.0
22.0
255.0
23.0
22.0
255.0
255.0
255.0
255.0
255.0
255.0
255.0
255.0
255.0
255.0
255.0
255.0
255.0
135.0
135.0
255.0
126.0
125.0
124.0
123.0
123.0
122.0
122.0
122.0
122.0
122.0
122.0
